123456
0
00
000
0000
00000
000000
0000000
00000000
000000000
1
11
111
1111
11111
111111
1111111
11111111
111111111
2
22
222
2222
22222
222222
2222222
22222222
222222222
3
4
5
6
7
8
9
11
12
13
14
15
16
17
18
19
123
1234
12345
1234567
12345678
123456789
123123
12341234
1212
1314
520
2008
2009
2010
2011
2012
2013
2014
2015
2016
88
888
8888
88888
888888
99
999
9999
99999
999999
333
444
555
66
666
6666
66666
666666
777
123321